function dct4x4 = dct4x4(A)


C = [0.5000,0.5000,0.5000,0.5000;
0.6533,0.2706,-0.2706,-0.6533;
0.5000,-0.5000,-0.5000,0.5000;
0.2706,-0.6533,0.6533,-0.2706];

D=C*A*C'


