 g = [3.7231,4.3396,4.8889,5.3406,5.7007,5.9631,6.1462,6.25,6.2622,6.1768,5.9692,5.6641,5.2856,4.8645,4.4189]'