A=[4,-1;-1,3]
b1=[0.951;1.538]
x1=A^-1*b1
b2=[0.646;1.045]
x2=A^-1*b2
b3=[0.438;0.710]
x3=A^-1*b3
b4=[0.298;0.481]
x4=A^-1*b4
b5=[0.202;0.329]
x5=A^-1*b5



